
aquamarine <- c(
  "#B9F6DE",
  "#54EEC0",
  "#00C991",
  "#009C76",
  "#126D5C"
)

red_v_blue <- c(
  "#047BC0", # blue
  "#65AED8", # light blue
  "#CAE2F1", # very light blue
  "#F7D7D9", # very light red
  "#E99397", # light red
  "#DC4E54" # red
)


cyan_to_rose <- c(
  "#2F9390",
  "#886B9C",
  "#C74D86",
  "#EC0071",
  "#FF254D"
)


green_to_red <- c(
  "#8DB87C", # green
  "#D4E8C1", # light green
  "#FFCB91", # yellow
  "#FE8F6A", # orange
  "#E65758", # light red
  "#C0223B" # dark red
)



orangered <- c(
  "#FFFFCC", # Cumulus
  "#FFFF80", # Dolly
  "#FFE666", # Portica
  "#FFB333", # Supernova
  "#FF8000", # Dark Orange
  "#FF3300", # Orange red
  "#E60000"  # Red
  )


rose <- c(
  "#FFA8A0", 
  #"#FF7489", 
  "#FF5072", 
  "#FF254D", 
  "#F10033",
  "white")


github <- c( 
  "#d6e6a5", 
  "#8cc665", 
  "#44a340", 
  "#1e6823")

RdBu <- c(
"#b2182b",
"#d6604d",
"#f4a582",
"#fddbc7",
"#f7f7f7",
"#d1e5f0",
"#92c5de",
"#4393c3",
"#2166ac"
)

YlGnBu <- c(
"#ffffd9",
"#edf8b1",
"#c7e9b4",
"#7fcdbb",
"#41b6c4",
"#1d91c0",
"#225ea8",
"#253494",
"#081d58"
)

